      1 
      1 01
      1 02
      1 1089
      1 114
      1 1167
      1 13:30
      1 130
      1 1308
      1 1315
      1 1317
      1 137
      1 1399
      1 140
      1 150
      1 1603
      1 1612
      1 1617
      1 165
      1 165170
      1 167
      1 168
      1 1721
      1 176
      1 178
      1 180
      1 187
      1 1889
      1 19071911
      1 192
      1 1924
      1 1940
      1 195
      1 1956
      1 1968
      1 197
      1 1973
      1 1983
      1 1986
      1 1987
      1 1992
      1 19921996
      1 1994
      1 1999
      1 2005
      1 2010
      1 2011
      1 2013
      1 20152017
      1 2017
      1 20182019
      1 2019
      1 2022
      1 205
      1 207
      1 212
      1 220
      1 2234
      1 2255
      1 2258
      1 228
      1 2311
      1 2329
      1 2333
      1 234
      1 23747
      1 2529
      1 258
      1 2600
      1 265
      1 29
      1 295
      1 3035
      1 312
      1 335
      1 3446
      1 3565
      1 3568
      1 360
      1 38
      1 3877
      1 388
      1 39
      1 400
      1 403
      1 42
      1 45
      1 450
      1 47
      1 48
      1 4884
      1 49
      1 4996
      1 51
      1 56
      1 562
      1 58
      1 60
      1 600
      1 6021
      1 6200
      1 63
      1 65
      1 656
      1 700
      1 70100
      1 711
      1 718
      1 72
      1 720
      1 73
      1 738
      1 74
      1 748
      1 75
      1 750
      1 765
      1 78
      1 800
      1 810
      1 817
      1 8199
      1 83
      1 90
      1 900
      1 911
      1 925
      1 93
      1 94
      1 99
      1 990
      2 102
      2 160
      2 170
      2 2000
      2 2012
      2 2020
      2 2025
      2 23
      2 24
      2 250
      2 28
      2 32
      2 40
      2 43
      2 46
      2 550
      2 85
      3 0
      3 1000
      3 112
      3 2016
      3 26
      3 34
      3 36
      3 500
      3 52
      4 100
      4 200
      4 2015
      4 2018
      4 31
      4 35
      4 70
      4 80
      5 11
      5 21
      5 22
      5 6
      5 8
      6 16
      7 17
      7 18
      7 19
      7 27
      7 50
      8 20
      8 25
      8 30
      8 9
      9 4
      9 5
      9 7
     12 13
     12 3
     13 14
     13 15
     14 10
     14 2
     15 12
     18 1
     40 :
     85 ?
